t <- 0.2

